10860082
3120303
10594265
7287112
8239594
4138913
13627443
2838795
12991460
3134137
801483
16713941
13195659
11840083
8032158
5155159
3402706
11484557
3976164
16411723
6572618
9521096
14823724
5966486
2150776
7071812
5705328
14227393
3350296
16505880
5622640
7847740
7358835
10699252
1979943
5308731
12924993
6238617
7806257
7930700
6794599
7750889
4965522
2650709
6515137
3149461
11720515
12231997
12031319
3372314
5780294
7886624
1739440
2467973
10763035
7336657
14758300
6729949
9877915
9430300
10290844
3652240
8648791
7730550
10094591
1491002
6143924
13486718
14960950
12912242
8822513
4548402
15636009
14758094
1201263
13652904
9636903
3686515
15693668
4939439
3277554
13262245
13618994
3105286
16264806
9851045
9371005
5666405
3416001
15172610
11037188
13806900
2673657
15822086
4494856
4991108
6259321
11499373
3552263
12752035
14273644
14866883
3760936
7945875
3110966
5761294
13451190
11781532
2952678
1644088
6444674
4360543
1505362
7686054
5923826
7349980
700980
11134697
16501767
13278017
9606889
3931943
5720663
6543526
15721121
15664649
12653461
8909898
1686882
10440775
8181969
1942921
2596611
9522654
11033376
3994964
14100274
4069896
411632
11861421
13097935
15788420
3630768
1836192
14272597
835736
9267966
5538799
2708109
6652511
7958246
2528230
14670528
13295219
2216509
16732575
13825946
4422101
547396
14101902
6674237
11247168
1213290
16278307
2164603
10029180
10047732
7689207
11572725
13008196
14354399
11083089
11210166
3249527
812629
643955
7780902
15714280
8422253
1149133
4466291
9880084
14991093
4009207
8643636
14050088
6974030
3718703
13044702
1408889
14431560
12186896
3140772
9791350
2637899
14027590
3555213
14552422
1510094
11692068
13083177
11252444
560757
13604673
12046287
4324061
5615330
8063638
994390
12839394
15134841
10729735
12965963
4139706
11669498
15724741
13388815
13525011
5357075
3068044
9104564
14972937
14370690
7946380
1325669
12849822
6121613
5914997
10755075
10739491
6929441
16360247
2612708
13517034
11413455
8661703
16067084
16583259
4526483
2798730
3765754
11223196
4326903
5678340
11992256
5229143
11954403
14549209
1749913
14740470
11648000
13806952
2230797
13261768
4230966
14997965
11238820
12810986
1844578
2781870
2019998
7038371
15647972
16395979
8935234
5159152
11162678
10384651
2565493
6116508
10469926
2599844
7046598
10443491
9011927
9361610
526236
5251570
1935875
11707780
4041518
3455474
13517682
1468468
10595039
2993489
15562701
6017973
3772909
682491
12411282
6229811
14605799
15964909
4243156
2389830
9264647
8717132
12119321
1185886
15454086
14295162
1724316
7367192
212779
5114148
16046489
8331467
9363104
5723451
15188300
10785637
10688222
4724727
2392229
8623472
14122885
8155849
3635599
8942923
2968923
9074632
338169
629336
12123923
14286281
3332263
2223206
16074550
7721115
1275908
3438979
465804
2164524
10201842
9162754
7181679
200796
3958479
2237619
4393578
15114299
9997450
9758458
12259589
889646
14808759
15004410
3445268
6894853
13518684
7903943
1481385
10375309
5010942
4755538
8936922
4967019
3702609
4192204
5844654
2437420
15247268
4788993
1352191
6755954
1194973
10870647
16475343
2212609
14652825
1005614
1148229
2495232
6228387
5428779
2116333
2310757
9975715
4990548
9147582
1377465
8620653
6786203
7197016
11362485
1404180
8266235
10470998
6093091
9721143
3221897
14333638
6115943
5638847
11755115
7618016
1734848
2360201
11890317
13306259
11239407
979485
10895803
16066576
15373126
7419089
8591317
16575331
12826234
8014391
1085684
3116585
12551589
2567182
14044292
12929987
3008201
4916790
1099430
10814685
8389381
15300469
12032681
7194092
6709819
2550062
6902700
11438099
3384170
7523663
2477929
5485875
5510997
7809542
1120115
12629265
3941412
16053467
11665749
4516697
14782665
14466583
5126798
13231055
8126397
3353945
7035025
14039874
6843225
14492767
4236264
5988320
9530520
10621200
12289470
344636
2267276
1920732
1015381
15741117
14093011
13200760
8351304
1540459
10032544
12450559
9155031
491736
9270201
521558
350743
847998
15253399
5729718
5362017
10273367
5142108
11144434
713780
15710783
9805544
2104072
10275682
14561220
398975
11287609
3872111
5622559
1795741
1197251
5482727
1783453
11426964
13045237
10773905
15941980
7926885
15339311
10212510
12957974
7974618
5197534
976159
12887517
11952255
388689
7782532
8184816
5883238
11451077
12617545
4922456
12295644
6857126
8605327
14062781
11490344
1716616
10774787
9793767
16567417
8533988
16457248
14351468
7749547
8489242
133083
9900198
2437459
6473655
8637820
4409723
4299449
12451156
5415064
10850934
3688667
8367598
154671
3126450
8504446
5315007
15688485
11959414
14654051
9123106
3614866
1264303
11389045
836915
2019049
11889258
250981
560711
2457670
6700086
5610153
10605151
4874236
9085062
4868887
15660329
9988338
8937109
11728019
14361622
14924636
14118363
3748916
16039765
6890507
9360630
815148
1576847
3784098
3442927
322664
9168729
982526
1547013
15206507
8729169
2241867
10668191
12530761
3500531
3618423
2873527
7036889
8219924
4237076
7095021
6726735
5209610
15285529
2524836
15669087
2826303
11485317
15266511
14588075
15619084
10034042
522674
12130570
12853850
11735595
14716315
7243638
2333846
3650213
2387087
11797468
8991762
774293
469050
15275291
6330862
1339374
3116216
1826670
10481958
16101530
12563364
10964082
12907338
12470894
9793662
8775542
2910436
14776564
16527324
5448039
3925079
11024358
14297815
15112433
13608064
15046852
13876213
12834473
8894221
9164129
2388319
1061909
1862907
456706
418117
8716365
13941048
16104789
6912105
9740211
5742037
2051174
15179615
14134973
4264641
6681245
14174313
7341121
7945546
16712417
3888630
1101567
8783152
8512779
12672939
2199077
1797714
541469
5157174
7077532
471130
16703971
1077925
16486533
9837603
14759975
8795329
16577334
15563716
8994830
12160190
1817393
11532914
14130881
12118241
14362400
8337325
14435664
12759795
7159781
7807272
1613669
328978
7060967
1567812
433989
5470504
11902081
5973455
16527257
13777519
12354894
14295290
2185342
4373126
8079729
14164079
4889477
7403582
11704452
9972087
11366272
15455435
8766686
7570715
9006698
3320851
3505447
12761386
13411061
7759315
3693806
2172640
10401285
6756034
12620510
3842543
2008025
12687955
13415586
12850273
11047515
10507944
8413204
14202312
2927603
4103168
10176664
13650381
14887178
7618425
6924192
12535587
8287332
5152031
8598089
9793397
3696812
13893409
1787113
9189040
5944721
9461443
1643003
7079868
7441986
5433044
13471063
13558072
4765508
7134878
7430419
6785690
15864914
685817
3827587
6067066
3933501
6494400
3176421
14350449
13670569
13272057
3172896
2518405
203278
5470500
1330116
10774891
15227743
2126231
10036726
14340755
4833161
9091162
5591917
13175337
7814944
924141
12271589
8824271
1442183
12152382
1907066
12964334
2009159
3013801
12595549
16492572
318811
1418496
10210839
8391186
1654237
8571558
2975538
2051645
1463740
13510260
12755605
11237866
8938748
11028860
4393020
8411766
16334955
13114605
16704269
3847669
7230644
7004707
5500585
4286469
1835119
13168780
4299716
2796656
14472678
9696583
10768506
9661068
11169056
13896036
4268400
202018
7415865
12666732
14365958
12117710
680928
3952189
2297115
1172890
13572775
5734000
15083256
15556048
12054464
14145381
10495424
8279689
5909427
4506011
14848958
1967820
14651367
7691360
5262160
2777740
11762379
2823369
14613176
362486
3207933
13132500
311390
5239313
16022003
9436881
3633210
13623702
7764846
9774230
16197889
15410076
11969593
4354757
14616996
1847907
14552531
6652448
3882794
14633765
1573625
11586342
5015970
11362223
3672127
2303592
12097053
15621830
1245584
2026917
5641445
5308242
15584970
3686490
7786539
12882559
3798131
10511764
4970825
8594638
12850983
4318686
11756386
5627974
15191629
11233949
6578908
15197880
5376640
5854154
3437409
1385759
9814809
8413401
12508070
13931731
9663097
14929292
7102450
11687798
12521173
1926895
10462377
7514843
11367320
7462651
1667491
5056131
4635353
10157642
12490740
9932676
15258850
9187866
10127103
3214815
12128846
10600708
7066960
9577119
13402620
11536954
9621144
11899929
3636197
7565484
11025496
13500655
13554328
7456068
5600144
15664769
369746
7434357
10856566
8664978
13381496
11436950
3582920
5607391
16403086
6812919
12494000
4711574
14281439
3491406
3395681
15336281
2659455
12311313
10329776
11072934
8949673
8352591
2101958
14229572
13539327
12136215
4497902
14408008
15304680
6733302
5568983
13856535
1882587
8778970
8672626
11307698
16697674
5960385
15015029
2302783
5482958
16365739
14506000
15852466
3420939
8983513
7112717
12101905
6166540
8182011
13510802
1545112
11499223
10916809
14347097
3912344
13616737
3035052
6523059
2325935
3851086
6114130
3667705
6664559
6769779
4458930
4176739
5805364
2356358
5441184
10645266
16103284
1100852
2265888
6168628
4165708
9686099
9844179
271018
13153160
3795218
13698362
8945510
10944248
3187099
12217385
6186717
8514320
1481194
13745074
14408564
2651774
9573264
5433519
2739615
14838914
15262548
13852064
12701338
3642693
10722061
9790149
170299
9765556
4795718
13778515
6773808
1943199
3166698
15058023
10741553
15658015
5881003
3670432
2273115
10461565
5961105
10115979
8763049
2245862
14016236
1230532
2785771
8396944
14550946
14637925
2476060
14527946
8948479
4580462
11392993
8897990
16448751
14829067
449903
10307023
6332676
8026147
11361661
3686054
1484955
5375539
4922136
5081045
3180286
16495226
14747472
14340751
14450354
3743871
865420
5310675
4040372
4055402
11703595
2295616
11921143
12743466
14854035
9203448
9324098
9290030
7490151
2784196
12887610
13400691
9540536
4212079
14506606
13341674
167780
5152028
11231759
6225820
6075516
7113727
9979719
2549669
11485630
15813569
9269271
1406955
7712378
10095939
2361626
13420985
4602380
14871652
6258627
3614831
12794152
13738423
15988040
7368274
3407785
16167415
14629576
12149501
7583837
13209943
11282453
9701916
5096551
15938162
14464541
11919412
234064
5980427
7653860
7652270
13669283
15174480
9140938
15030755
14350390
8864922
7576586
14891497
3875223
10387018
13241170
10426553
3469607
8898915
15905447
12723146
16767329
15401535
3151879
5711752
9519239
9378201
4056741
656863
8497585
3983311
8589846
2510349
4209287
3781428
13394019
778479
3514737
15148187
3701394
16176263
1622780
14752105
11444500
9377016
12955505
8502193
337996
483584
1543221
7742152
5482086
9730848
13879667
9309468
6999239
16514730
11482356
10818004
1255793
2093229
15491198
13359629
8076813
11702043
4398656
12796227
16093065
3552424
13195765
8519331
8353979
11764955
13155123
1153198
1698035
5050687
16238155
525770
9890564
15062539
10532471
9198044
478991
12013969
14696404
2772781
8546054
8754575
5673630
16654963
2824449
6093801
8535436
14230193
16324648
4427918
7758837
5716299
4109157
13807645
6534985
16285829
16450791
14790057
11987989
879119
552219
5169429
15219272
1499185
6816710
13212362
3979460
13618554
8798390
2680879
11337339
5006507
1939389
1152469
5435751
6088678
13928345
11446401
8957569
9326314
9299434
5229613
13514657
15237985
10000726
14524338
11232700
1551349
6939608
1567833
1272153
7181843
14065479
16767333
9300335
13393638
8583966
3806387
14625738
8741155
7756296
14041590
8147787
965349
10792105
3950949
5632201
9813982
6962125
12602502
4080987
5760141
5847934
3017651
13803762
8477277
14094363
9881605
10571966
402876
15799356
13667278
1195749
1251941
552706
5314125
12810768
7619152
6390824
8076829
6992192
974004
749401
5554159
8501245
10727358
7364634
4873298
3172991
12444809
6648068
5347019
14608862
10310927
16611588
6752813
14933874
10621587
14839259
13517070
2430416
12004404
13248887
13333826
6989429
14633992
16188726
3415482
16695097
1753395
2155740
10770078
7779087
449063
11824041
14416710
6608913
12132133
7896765
12369075
2779954
10540498
6917643
856188
10957048
6569604
13032924
10679121
4345013
3403408
7932983
13963062
875883
5798851
11205746
16760608
2917192
1836954
13448628
15663107
3064602
5767344
3175511
8122728
3025022
1458507
9824184
4513128
9305270
1334932
2843499
14653570
16314658
1511575
10883485
6528194
3136054
5495446
8008181
10600671
4768896
6226388
15710798
8813174
5315054
4202837
9810534
14146022
7283661
14200713
16492229
10942086
4290421
12532285
16068394
11166110
9855327
16535937
3487500
4650531
12902071
16492172
13322479
12679541
14053593
11604967
2471152
15201879
12874539
11246472
6817045
12940795
7508733
15344018
8660177
16065395
12102794
16071389
7739815
1137402
6965584
850005
15969969
10518595
15207432
7638949
15032741
12682426
14866235
6044028
16182016
11734969
10018407
16378383
15757786
2195162
2695118
4830274
7849028
11086632
2891996
10483500
3114023
11614343
9562334
9167722
10368010
4380314
10350639
12363213
1399923
13460873
6190499
10781386
7726926
13892727
16444155
6851841
9267233
9366241
3867774
11222263
15190993
131335
1417612
5119006
9381448
13088116
5375257
14073038
5287273
726508
4689711
10117089
11658376
7620739
13096339
11381281
11362280
269626
3549815
2268051
14617018
6599012
14778060
5391419
620429
3785533
678732
12998838
1475920
4283715
8077728
16279668
3622821
12238233
4527951
11854643
1869744
14585177
1953818
3333785
8045649
10737093
3737172
15297425
12936529
13096295
12240747
3784806
16448014
14322850
15393425
1719318
685035
4992987
813232
5553343
1774338
5291044
10144057
495984
12242566
14598773
8628310
13947640
284573
5678023
385569
244417
4668078
10907082
4355368
2092498
12336535
10699736
6530611
5908649
1107619
14856573
8819146
13468036
814557
11195198
4890160
2491953
7955907
13061785
15828161
15596397
4239220
7762638
10597549
2415134
12135942
9658576
7339196
16477639
15719134
14747860
10430384
15762090
13035218
2778897
8949816
4091143
1793807
2582250
14862292
3121433
10426103
5628736
15399245
16420901
16283265
14910383
15369331
146991
1387798
12638335
1431464
15495318
2027622
7448970
9586093
8786927
2915149
4161225
5741694
3760672
16082844
1901322
11847370
13139135
12422246
6226527
757138
5072478
16770640
2024702
15500498
1280846
11941474
8066233
4048381
15473421
6572794
8232427
16377556
5915206
14220187
5207169
1492209
12946948
7555238
12741109
11175618
738893
6465888
15098192
553994
16645369
16355881
6844881
16053072
4831294
2863171
3813283
1153138
4690642
13804865
3044077
10249410
6498605
5074922
16638166
8870774
1257425
5750829
644696
12759060
904471
5545402
7389827
5832888
13841718
13226453
3707791
15222118
12268759
3083031
7317546
3930550
4270264
11577855
2311122
2373659
6155080
16407954
3101035
937919
14208883
6313122
1065480
11481247
7165200
12765388
15531721
7788307
4266906
12411116
6920933
13089061
7415332
14714710
8001076
16369492
2683800
5364216
4057180
2922609
11576163
10530151
2492495
13577967
16348405
4123851
14154509
14868210
1817185
2751907
10905279
3489964
11722908
12098717
16018350
11463735
1227974
5154250
14306151
8041503
13294044
13990916
11195946
15598615
2703443
4994715
11522025
11098886
7867588
5515008
7509887
199812
9783284
12568498
10249284
7645029
16297009
2174843
14708472
14466667
8744427
7538097
14897912
3221359
3048243
15749966
7297771
390553
5327494
9823863
9744511
10810875
1610005
3090504
8089733
3267845
16434786
4058312
9851770
14010271
10441403
14282838
16598484
10843765
5860024
11616784
6177401
6002231
6027156
14351691
13880476
10776030
10491300
2456241
14173092
7534052
13487074
4190544
5190674
8145533
4176883
759427
15395382
13097037
2628998
10763932
12685102
6349055
4003179
310523
7183648
12905522
4312096
15830636
2462863
10841018
9122821
14111132
14983588
6480158
4624554
15543501
6739116
15785807
4594206
8014622
7222364
10723390
2151510
474186
997983
11662259
14968598
7156999
666217
5244204
10332659
15288837
14389597
7596792
3417434
2879743
6452299
16435901
16459898
1433665
10364372
12214488
14461012
6826686
7482141
4143514
5767451
8776440
2316201
10903388
4734015
1277639
12226722
11382706
6796923
4269948
3683208
15832718
8793431
954832
14129666
5722444
12408411
1076657
16173920
14804656
1466219
7259160
15613062
8986070
12255847
3761909
3088217
4943308
5198397
15714685
2605879
2047005
5435500
8338485
8777718
2226979
6030009
16399510
11465662
15047456
11457973
13822533
5032294
16657489
13671549
4210861
16627801
8322601
14609590
9584899
1048504
9341346
221864
8090571
15492173
11482198
10481631
399182
16526077
1685624
8559220
5885890
16545700
5150008
8355769
2421607
16579065
5917749
5019019
13477472
11273879
13755844
11302429
4541624
11463045
4775833
8011175
8495800
15112331
16548404
14721969
7446947
562742
12055024
9221730
829103
14053867
6755077
221293
11198795
3208547
10519823
12307907
13924780
510920
5713094
4862831
3481338
4573748
5286528
16058232
6785712
9468820
787424
16687552
5712417
991946
1052618
12325450
14255527
6159581
7067390
1044329
12942214
7311638
8530764
4942510
13904182
12299863
4119624
870766
14937514
4663956
10611842
577799
4827096
8479514
1791770
9726729
11529200
10690918
4441142
9244038
11267217
11741298
12256615
4742103
666002
13435142
16022140
4669228
15358225
3821584
13651301
352297
6391546
6111260
8362472
15705826
13238394
6647309
1801675
7249991
9867638
11726997
5716202
688943
11206573
4000129
7212073
4810449
15204072
9166494
3709889
11215994
15360352
5455396
4130471
9904646
8301684
15951515
8096485
1041760
3733953
10321092
7006144
560933
15662263
15643056
13716318
7415312
3724041
2815981
5350445
11248296
10090389
3858440
14018550
16108850
13771180
13506986
11412661
10279827
5653298
2158434
5041067
10953810
5129359
15703727
5793532
12172180
4715277
1696783
15322950
9447746
2429693
4498128
11614729
6101298
2244579
15720952
5385631
11248001
3057584
16255512
10482862
8449218
2719826
9337539
2642774
3694609
4191668
1917293
13999486
9704544
11546578
1146306
5763206
11813315
14729593
2248964
9160053
14243502
9533198
13634993
2921561
15755125
2233813
6269597
1822732
1288075
5668389
1550326
4598752
2238773
12778057
851142
8621272
14704008
7329511
11542640
8191782
3416268
5639511
11510815
9166950
3711559
13730450
6315128
5675233
5078451
11776811
5182173
1164162
16249754
12352544
1953580
894649
9672666
9946733
9025159
1644946
13108869
5260718
6840484
2503042
3172953
11478662
13861674
6801454
1100007
12958991
9273638
2199131
12730984
9378848
6445814
11539365
760339
14184717
8892677
2497324
6521528
8804909
14944409
14781859
12918269
13948528
6143276
7354962
9232019
221001
4682293
13753484
15419980
6951237
4216847
15340287
5956552
11806907
9505351
3689429
5339141
756875
6393353
9198898
13438431
2196960
13849441
15232754
3301380
1265594
8117193
651689
14479505
9627731
7834392
7154191
4846604
7464761
4220145
15464393
8866552
12339869
9846773
2370879
15794597
13879891
7532660
7298267
1771654
6468782
1947087
13260867
11695995
10645173
5695456
2998679
9525289
9765629
3836773
10983084
14287246
2666232
1220132
8404053
14292387
15327880
5510039
5934437
15563730
7786322
3381746
5844971
9225367
749971
1524762
4975729
423586
5652720
1541978
5638280
11817017
11313760
6748930
11297002
7386003
10635780
15322039
5632401
1091114
14441146
16165882
3079434
5774610
1371673
4685454
15042773
4134519
14964886
345484
16151892
6178407
4249531
14205304
12662041
3876401
13640090
3755607
14928788
11730275
1153519
6887602
268121
10433961
14069977
2152836
12773857
7266944
9921952
9469304
14454708
2555579
5518214
9175396
1132869
7755679
5915763
15231669
6357090
623410
2618102
4658817
12192072
12214570
11472932
16587828
5364401
14452402
8751027
565529
9557749
807121
13480680
5742575
2298729
15278905
3514102
1749565
5483413
5258399
7914216
1519752
15392135
13593246
3799367
5296530
11650246
9265319
278629
2070423
10091446
15883028
12441243
15733748
6570265
11572484
10232703
8981987
10558079
16101425
13877692
16488168
15500771
12320090
5209156
2766626
3569291
3296614
4168243
13810740
14548083
10617520
3943682
4877921
7443442
1057404
2218404
8786042
4443728
13009858
14793831
5349282
13237495
14384629
13590207
4835116
4067762
14676891
3105415
16081638
16244771
11257064
7833018
6759869
3231966
11065772
2115919
13300762
11925298
10386239
8323961
12130155
6520977
10932755
9371237
6355759
13459883
16739040
13948500
3633779
12014379
2148451
10111510
16178892
9179041
7703484
6270124
5125916
16015298
2273944
10093650
13341661
16317059
10359349
12934953
14958693
1953219
7703922
7476795
3769213
4111201
6929636
13470184
9928122
7610206
3327747
3841123
10369136
2297761
9838136
3272043
6675601
4017748
10657691
15340353
12782769
16551544
12530145
10947979
7178298
9877603
2184408
12557526
9701190
3879730
11080081
7832132
7149012
10375673
9250319
8242225
9011683
4354453
6950915
6986660
12095918
11550542
2321620
10463420
12453256
13650791
8316106
7165856
1127171
11226532
5971921
12660975
11277485
11554669
13428453
8992301
3324510
2215884
13705650
3590521
13848854
4951006
1021840